gen=0 split=train episode=1 best_step=5 tps=1.49079e+06 reward=1.49079e+06 plan=P171:[104,81,199,112];P39:[126,48,85,78];P0:[174,72,156,91];P1:[140,125,181,44];P2:[108,116,87,77];P3:[42,175,79,138];P4:[178,114,41,80];P5:[99,164,182,151];P6:[144,189,57,185];P7:[88,148,43,180];P8:[68,194,38,111];P9:[198,89,161,132];P10:[93,55,122,196];P11:[169,115,145,82];P12:[193,92,71,49];P13:[106,60,54,95];P14:[51,119,98,75];P15:[130,139,100,53];P16:[192,61,103,167];P17:[128,62,123,109];P18:[157,150,131,134];P19:[191,186,105,110];P20:[50,154,64,56];P21:[74,152,40,163];P22:[165,159,129,67];P23:[83,69,97,173];P24:[168,166,147,135];P25:[188,102,133,190];P26:[197,90,45,158];P27:[113,120,149,47];P28:[146,118,155,76];P29:[121,183,101,46];P30:[172,107,143,58];P31:[162,195,176,86];P32:[141,52,117,177];P33:[184,142,70,66];P34:[127,59,179,136];P35:[153,96,84,63];P36:[65,160,73,187];P37:[124,94,170,137]
gen=0 split=train episode=1 best_step=1 tps=1.36619e+06 reward=1.36619e+06 plan=P81:[86,108,101,73];P68:[188,0,163,114];P133:[186,174,156,150];P39:[63,35,2,147];P196:[169,34,11,24];P8:[112,195,96,130];P199:[46,29,76,118];P194:[4,132,185,89];P171:[153,183,87,139];P38:[19,105,67,45];P55:[124,129,143,172];P110:[136,145,43,3];P32:[31,117,53,119];P85:[92,12,137,180];P10:[94,72,91,6];P126:[121,84,135,59];P170:[82,23,88,166];P104:[109,77,176,100];P93:[178,159,165,189];P50:[151,167,149,60];P66:[127,175,42,79];P141:[5,107,161,74];P47:[65,36,160,28];P25:[41,57,22,198];P122:[37,191,158,146];P48:[78,116,17,15];P56:[187,177,155,75];P20:[64,154,14,40];P134:[83,69,148,123];P99:[152,33,61,142];P1:[140,26,197,21];P190:[179,97,173,184];P52:[70,95,98,103];P58:[138,168,115,13];P102:[30,9,144,16];P193:[125,157,18,182];P111:[162,128,62,106];P71:[90,131,181,27];P164:[54,113,120,51];P44:[80,7,49,192]
gen=0 split=train episode=1 best_step=3 tps=1.59079e+06 reward=1.59079e+06 plan=P163:[81,186,191,72];P185:[39,19,4,114];P119:[104,75,130,141];P98:[117,20,151,95];P132:[94,0,92,105];P87:[48,78,63,84];P101:[194,176,77,160];P61:[25,188,55,5];P96:[31,109,195,116];P183:[171,73,187,35];P161:[107,85,133,152];P16:[178,68,50,27];P21:[93,8,102,33];P67:[197,140,37,157];P149:[139,100,15,70];P192:[52,111,113,103];P60:[123,17,62,13];P179:[44,181,47,7];P40:[162,164,99,53];P198:[89,165,159,144];P189:[1,41,22,172];P11:[136,170,65,24];P108:[155,46,135,121];P106:[32,10,64,120];P34:[196,138,66,147];P51:[199,182,54,154];P145:[180,12,80,69];P143:[129,174,124,57];P14:[128,112,167,6];P91:[156,122,125,30];P29:[86,177,76,153];P74:[126,184,142,9];P127:[97,193,146,83];P115:[56,28,79,59];P42:[190,175,58,3];P168:[134,110,118,166];P23:[71,45,90,148];P137:[158,18,150,173];P43:[49,131,26,88];P169:[38,82,36,2]
gen=0 split=train episode=1 best_step=8 tps=1.67107e+06 reward=1.67107e+06 plan=P84:[8,1,174,193];P122:[47,166,64,26];P27:[52,195,11,152];P191:[123,29,80,46];P177:[113,13,159,5];P118:[128,139,182,36];P104:[82,61,196,161];P44:[149,150,83,75];P30:[102,97,15,50];P63:[168,58,190,170];P126:[65,183,2,145];P17:[66,112,25,129];P173:[22,105,147,21];P31:[131,187,142,163];P106:[96,146,175,137];P120:[108,51,16,81];P136:[23,133,95,24];P32:[144,45,125,37];P111:[180,0,119,158];P93:[49,181,7,110];P79:[9,42,87,188];P132:[98,160,90,38];P86:[198,176,89,192];P155:[114,197,164,70];P134:[18,154,199,178];P67:[4,116,185,53];P56:[92,68,62,54];P121:[41,127,101,107];P78:[71,186,156,14];P179:[59,40,130,10];P124:[91,157,115,143];P74:[189,153,19,34];P100:[138,167,55,28];P162:[72,12,172,3];P99:[184,109,103,60];P94:[151,88,33,165];P43:[20,48,57,140];P35:[135,76,171,169];P39:[148,194,77,117];P6:[85,69,73,141]
