gen=0 split=test episode=1 best_step=7 tps=1.4236e+06 reward=1.4236e+06 plan=P96:[183,72,113,180];P109:[93,181,159,151];P0:[171,70,131,110];P1:[192,107,160,127];P2:[69,177,196,141];P3:[137,67,157,81];P4:[46,195,188,62];P5:[190,119,99,89];P6:[147,120,133,49];P7:[129,178,170,60];P8:[39,154,132,139];P9:[103,116,149,91];P10:[71,155,165,146];P11:[100,108,43,38];P12:[92,130,94,169];P13:[86,199,184,47];P14:[68,173,112,66];P15:[42,76,152,41];P16:[40,174,134,74];P17:[167,87,191,153];P18:[162,58,82,83];P19:[44,187,57,172];P20:[52,98,50,78];P21:[125,79,126,175];P22:[123,56,158,111];P23:[106,97,104,65];P24:[148,135,64,163];P25:[59,140,117,145];P26:[48,156,176,54];P27:[185,144,84,179];P28:[61,121,150,161];P29:[90,95,164,168];P30:[73,136,122,166];P31:[138,105,197,80];P32:[53,88,75,51];P33:[102,77,114,182];P34:[85,118,115,186];P35:[128,193,63,45];P36:[142,101,143,194];P37:[198,189,55,124]
gen=0 split=test episode=1 best_step=1 tps=1.37781e+06 reward=1.37781e+06 plan=P43:[106,69,98,192];P99:[0,31,152,165];P193:[23,125,56,30];P57:[173,29,199,184];P100:[6,140,136,15];P180:[164,127,91,47];P108:[87,36,71,18];P196:[21,129,7,16];P141:[4,179,188,118];P187:[178,154,8,143];P63:[135,186,168,83];P181:[162,110,146,84];P11:[73,120,167,68];P64:[148,80,195,67];P94:[45,169,115,34];P185:[26,142,72,103];P97:[177,39,22,74];P151:[124,62,54,1];P144:[70,82,138,9];P104:[78,158,52,77];P190:[133,25,44,116];P176:[90,95,86,149];P117:[145,111,153,114];P2:[20,79,123,134];P112:[107,13,160,85];P27:[105,113,159,157];P126:[122,50,174,182];P89:[41,194,66,137];P5:[17,35,128,189];P65:[33,49,139,198];P96:[93,156,101,3];P24:[46,12,130,61];P191:[170,132,102,161];P109:[76,58,155,88];P172:[121,166,37,51];P14:[171,131,197,55];P183:[48,10,42,75];P38:[175,60,40,53];P19:[147,59,119,32];P28:[92,150,81,163]
gen=0 split=test episode=1 best_step=4 tps=1.47544e+06 reward=1.47544e+06 plan=P74:[126,191,57,181];P16:[94,111,99,183];P182:[65,78,190,144];P75:[121,153,150,109];P110:[5,96,142,131];P146:[26,42,87,72];P55:[38,117,81,132];P134:[11,60,97,116];P40:[158,187,175,79];P53:[92,172,12,93];P166:[141,2,139,170];P77:[196,100,106,129];P152:[185,101,159,143];P161:[24,180,149,179];P51:[176,63,88,41];P85:[151,188,66,54];P56:[167,128,119,147];P136:[69,120,44,20];P174:[145,49,33,7];P32:[64,28,163,164];P157:[103,46,195,160];P165:[10,48,156,18];P114:[37,198,189,8];P98:[35,73,178,22];P82:[71,9,171,197];P124:[194,112,68,107];P137:[89,61,3,199];P45:[173,135,62,1];P91:[29,14,83,95];P133:[30,17,140,6];P52:[23,39,177,15];P127:[43,13,90,184];P31:[58,0,113,76];P154:[25,125,59,105];P67:[4,115,168,86];P162:[36,27,155,70];P34:[148,130,118,192];P123:[19,193,21,138];P102:[104,122,50,47];P186:[108,169,80,84]
gen=0 split=test episode=1 best_step=9 tps=1.59685e+06 reward=1.59685e+06 plan=P128:[167,17,0,79];P149:[122,188,129,186];P193:[80,172,134,136];P126:[64,179,78,57];P191:[154,180,110,148];P77:[67,147,140,156];P106:[21,114,19,142];P52:[2,170,115,189];P37:[72,117,195,153];P139:[103,26,65,87];P85:[130,155,125,48];P32:[43,104,150,13];P124:[4,56,158,30];P198:[10,23,62,27];P81:[94,3,102,59];P108:[116,86,31,135];P184:[137,143,46,120];P146:[177,187,84,162];P92:[141,99,160,63];P40:[127,169,45,54];P105:[5,96,112,107];P12:[98,74,68,16];P66:[165,69,20,111];P131:[185,7,133,95];P168:[178,132,121,70];P11:[157,28,183,145];P6:[197,100,82,24];P73:[118,44,9,91];P25:[196,53,175,58];P39:[36,113,83,194];P123:[176,152,55,182];P101:[15,190,29,8];P144:[60,199,159,181];P164:[51,22,35,34];P38:[93,50,97,42];P76:[47,171,138,90];P14:[33,18,88,49];P166:[151,173,89,109];P161:[192,163,75,174];P41:[1,71,119,61]
